1	27	188	1
5	36	111	1
9	23	192	1
14	36	3	1
6	42	203	1
12	5	65	1
15	59	32	1
3	18	102	1
5	34	167	1
3	4	71	1
11	39	244	1
0	7	95	1
10	9	213	1
11	6	111	1
11	4	105	1
12	11	10	1
15	30	105	1
7	54	67	1
6	51	12	1
3	51	228	1
2	63	17	1
8	10	244	1
15	23	41	1
6	0	60	1
14	36	122	1
1	49	171	1
15	22	174	1
12	24	198	1
6	7	28	1
11	50	127	1
6	63	75	1
2	47	147	1
10	28	255	1
0	39	120	1
0	58	43	1
0	26	241	1
14	44	159	1
10	28	150	1
13	42	69	1
13	36	247	1
2	0	39	1
14	63	8	1
10	28	250	1
11	24	105	1
5	62	217	1
1	35	164	1
14	61	89	1
8	50	246	1
10	63	36	1
6	54	24	1
3	35	29	1
9	14	142	1
4	33	129	1
6	10	62	1
7	15	162	1
10	31	105	1
14	45	189	1
11	17	210	1
14	59	103	1
6	55	217	1
8	24	47	1
12	3	71	1
6	15	94	1
11	7	207	1
3	0	234	1
11	47	9	1
13	29	175	1
3	36	197	1
8	17	13	1
6	18	15	1
11	21	137	1
7	41	210	1
0	60	18	1
7	0	30	1
11	29	117	1
4	55	35	1
13	43	150	1
12	26	44	1
0	56	184	1
4	40	205	1
13	30	143	1
12	31	210	1
5	51	173	1
9	37	35	1
2	59	103	1
1	38	237	1
15	5	57	1
13	58	221	1
0	3	67	1
13	26	141	1
11	29	90	1
3	46	237	1
8	48	197	1
15	49	179	1
0	39	76	1
13	13	74	1
5	39	36	1
5	38	240	1
7	1	247	1
15	60	116	1
8	3	174	1
1	52	254	1
1	40	71	1
11	14	245	1
4	16	141	1
8	39	255	1
2	39	174	1
14	59	136	1
9	59	26	1
4	5	67	1
0	40	203	1
0	45	160	1
7	27	68	1
5	36	251	1
2	9	230	1
4	22	79	1
9	2	17	1
12	29	95	1
7	9	192	1
15	3	129	1
11	62	44	1
10	42	202	1
6	8	196	1
14	16	76	1
1	13	252	1
15	20	70	1
7	8	251	1
0	41	182	1
11	16	97	1
11	52	45	1
15	57	123	1
0	53	39	1
1	6	215	1
14	14	124	1
4	35	151	1
4	18	47	1
2	41	66	1
9	57	78	1
11	52	142	1
6	6	125	1
15	24	182	1
15	46	175	1
2	62	32	1
12	42	105	1
10	4	34	1
3	21	234	1
0	48	68	1
14	63	180	1
8	52	146	1
0	33	147	1
6	61	215	1
1	40	68	1
14	7	149	1
4	53	169	1
5	51	201	1
4	9	118	1
5	23	33	1
1	29	193	1
0	5	226	1
6	58	28	1
10	30	103	1
11	42	167	1
1	24	188	1
14	28	133	1
9	1	211	1
1	29	201	1
9	34	220	1
5	54	108	1
1	30	68	1
12	9	116	1
12	48	130	1
8	39	8	1
3	17	65	1
12	9	61	1
7	58	14	1
9	48	196	1
10	6	72	1
13	23	37	1
2	49	3	1
10	10	22	1
0	0	0	0
