253	7	47	12745	1	2	2
253	14	27	3923	1	2	2
253	1	22	37696	1	2	2
253	5	8	44514	1	2	2
253	2	1	23889	1	2	2
253	2	44	9276	1	2	2
253	2	39	28898	1	2	2
253	7	50	5055	1	2	2
253	11	14	53038	1	2	2
253	9	50	23264	1	2	2
253	10	46	31039	1	2	2
253	5	31	12862	1	2	2
253	12	9	34338	1	2	2
253	12	10	12994	1	2	2
253	10	23	13732	1	2	2
253	14	48	58311	1	2	2
253	3	28	33814	1	2	2
253	12	21	50793	1	2	2
253	10	62	35843	1	2	2
253	2	26	64970	1	2	2
253	5	29	37415	1	2	2
253	1	22	15615	1	2	2
253	13	12	28886	1	2	2
253	6	55	30440	1	2	2
253	1	57	16390	1	2	2
253	10	37	18468	1	2	2
253	2	55	61269	1	2	2
253	3	18	48079	1	2	2
253	15	62	2355	1	2	2
253	4	17	517	1	2	2
253	1	5	5653	1	2	2
253	15	11	35230	1	2	2
253	6	14	25295	1	2	2
253	8	36	41044	1	2	2
253	4	35	55713	1	2	2
253	14	11	64886	1	2	2
253	4	36	51396	1	2	2
253	1	1	4394	1	2	2
253	15	47	54476	1	2	2
253	14	38	11546	1	2	2
253	8	2	43249	1	2	2
253	9	52	23572	1	2	2
253	9	57	47825	1	2	2
253	1	47	280	1	2	2
253	14	26	23656	1	2	2
253	0	2	7329	1	2	2
253	5	19	33642	1	2	2
253	12	13	2684	1	2	2
253	8	44	47737	1	2	2
253	6	34	48793	1	2	2
253	3	2	6122	1	2	2
253	5	1	11394	1	2	2
253	10	4	41917	1	2	2
253	8	55	62978	1	2	2
253	1	13	17678	1	2	2
253	13	12	3050	1	2	2
253	3	10	39894	1	2	2
253	7	39	24202	1	2	2
253	7	22	63629	1	2	2
253	14	46	49593	1	2	2
253	4	26	34480	1	2	2
253	5	36	35824	1	2	2
253	0	5	57067	1	2	2
253	2	29	43850	1	2	2
253	9	14	33565	1	2	2
253	14	15	51440	1	2	2
253	12	28	37914	1	2	2
253	4	58	23679	1	2	2
253	2	19	60398	1	2	2
253	8	62	51247	1	2	2
253	9	2	61157	1	2	2
253	2	16	1420	1	2	2
253	14	44	12101	1	2	2
253	1	0	32796	1	2	2
253	9	13	1709	1	2	2
253	15	43	34039	1	2	2
253	13	35	43087	1	2	2
253	8	45	14483	1	2	2
253	15	54	26896	1	2	2
253	5	14	38449	1	2	2
253	13	2	50844	1	2	2
253	5	54	48282	1	2	2
253	8	47	63853	1	2	2
253	1	13	46234	1	2	2
253	11	19	24561	1	2	2
253	13	46	19934	1	2	2
253	11	25	49176	1	2	2
253	11	14	58623	1	2	2
253	14	32	6489	1	2	2
253	11	56	60276	1	2	2
253	8	29	6772	1	2	2
253	10	28	49501	1	2	2
253	14	1	31332	1	2	2
253	2	5	33548	1	2	2
253	1	43	51265	1	2	2
253	8	48	20721	1	2	2
253	12	14	47465	1	2	2
253	8	5	5274	1	2	2
253	6	9	4977	1	2	2
253	14	46	10189	1	2	2
0	0	0	0	0	0	0
