1	2	506
1	7	506
1	7	506
1	7	506
1	7	506
1	7	506
1	7	506
1	7	506
1	7	506
1	7	506
1	7	506
1	7	506
1	7	506
1	7	506
1	7	506
1	7	506
1	7	506
1	7	506
1	7	506
1	7	506
1	7	506
1	7	506
1	7	506
1	7	506
1	7	506
1	7	506
1	7	506
1	7	506
1	7	506
1	7	506
1	7	506
1	7	506
1	7	506
1	7	506
1	7	506
1	7	506
1	7	506
1	7	506
1	7	506
1	7	506
1	7	506
1	7	506
1	7	506
1	7	506
1	7	506
1	7	506
1	7	506
1	7	506
1	7	506
1	7	506
1	7	506
1	7	506
1	7	506
1	7	506
1	7	506
1	7	506
1	7	506
1	7	506
1	7	506
1	7	506
1	7	506
1	7	506
1	7	506
1	8	506
1	8	506
1	8	506
1	8	506
1	8	506
1	8	506
1	8	506
1	8	506
1	5	506
1	5	506
1	5	506
1	5	506
1	5	506
1	5	506
1	5	506
1	5	506
1	5	506
1	5	506
1	5	506
1	5	506
1	5	506
1	5	506
1	5	506
1	5	506
1	5	506
1	5	506
1	5	506
1	5	506
1	5	506
1	5	506
1	5	506
1	5	506
1	5	506
1	5	506
1	5	506
1	5	506
1	5	506
