4	7	65481
4	7	65481
4	2	65481
4	2	65481
4	2	65481
4	2	65481
4	2	65481
4	2	65481
4	2	65481
4	2	65481
4	2	65481
6	4	65489
6	4	65489
6	4	65489
6	8	65489
6	8	65489
6	8	65489
6	4	65489
6	4	65489
6	4	65489
6	4	65489
6	4	65489
6	4	65489
6	4	65489
6	4	65489
1	6	65497
1	6	65497
1	6	65497
1	6	65497
1	7	65497
1	7	65497
1	7	65497
1	7	65497
1	7	65497
1	7	65497
1	7	65497
1	7	65497
1	7	65497
1	7	65497
1	7	65497
1	7	65497
1	7	65497
1	7	65497
1	7	65497
1	7	65497
1	7	65497
1	7	65497
1	7	65497
1	7	65497
1	7	65497
2	1	65499
2	1	65499
2	7	65499
2	7	65499
2	7	65499
2	7	65499
2	7	65499
2	7	65499
2	7	65499
2	7	65499
2	7	65499
2	7	65499
2	7	65499
2	7	65499
2	7	65499
2	7	65499
2	7	65499
2	7	65499
2	7	65499
2	7	65499
2	7	65499
2	7	65499
2	7	65499
2	7	65499
2	7	65499
2	7	65499
2	7	65499
2	7	65499
2	7	65499
2	7	65499
2	7	65499
2	7	65499
2	7	65499
2	7	65499
2	7	65499
2	7	65499
2	7	65499
2	7	65499
2	7	65499
2	7	65499
2	7	65499
2	7	65499
2	7	65499
2	7	65499
2	7	65499
2	7	65499
2	7	65499
2	7	65499
2	7	65499
2	7	65499
2	7	65499
2	7	65499
2	7	65499
2	7	65499
2	7	65499
2	7	65499
2	7	65499
2	7	65499
2	7	65499
2	7	65499
2	7	65499
2	7	65499
2	7	65499
2	7	65499
2	7	65499
2	7	65499
2	7	65499
2	7	65499
2	7	65499
2	7	65499
5	2	65503
5	2	65503
5	2	65503
5	2	65503
5	1	65503
5	1	65503
5	1	65503
5	1	65503
5	1	65503
5	1	65503
5	1	65503
5	1	65503
5	1	65503
5	1	65503
5	1	65503
5	1	65503
5	1	65503
5	1	65503
5	1	65503
5	1	65503
5	1	65503
5	1	65503
5	1	65503
5	1	65503
5	1	65503
5	1	65503
5	1	65503
5	1	65503
5	1	65503
5	1	65503
5	1	65503
5	1	65503
5	1	65503
5	1	65503
5	1	65503
5	1	65503
5	1	65503
5	1	65503
5	1	65503
5	1	65503
5	1	65503
5	1	65503
5	1	65503
5	1	65503
5	1	65503
5	1	65503
5	1	65503
5	1	65503
5	1	65503
5	1	65503
5	1	65503
5	1	65503
5	1	65503
5	1	65503
5	1	65503
5	1	65503
5	1	65503
5	1	65503
2	5	65507
2	5	65507
